,Intentional homicide,Rape,Sexual assault,Intentional homicide male,Rape male,Sexual assault male,Intentional homicide fem,Rape fem,Sexual assault fem
2009 ,5.39,12.18,0.66,10.37,24.8,0.66,0.72,0.34,0.66
2010 ,5.26,11.7,0.72,10.09,23.84,0.72,0.74,0.31,0.72
2011 ,5.24,11.84,1.14,10.02,24.0,1.14,0.75,0.42,1.14
2012 ,5.24,11.81,1.11,10.02,23.99,1.11,0.75,0.38,1.11
2013 ,6.24,11.69,5.04,11.85,23.82,5.04,0.97,0.29,5.04
2014 ,5.9,11.0,4.0,11.21,22.43,4.0,0.91,0.27,4.0
2015 ,4.66,3.12,3.12,8.97,20.0,3.12,0.61,3.12,3.12
2016 ,7.44,6.64,1.57,14.35,13.58,3.23,0.97,0.13,0.01
2017 ,10.63,10.47,2.14,20.52,21.43,4.41,1.36,0.21,0.02
2018 ,11.25,10.83,2.1,21.77,22.15,4.31,1.41,0.23,0.03
2019 ,11.54,11.17,2.06,22.29,22.86,4.23,1.47,0.24,0.03
2020 ,6.98,11.33,8.24,13.26,23.18,16.88,1.1,0.26,0.17
2021 ,7.1,12.43,8.58,13.53,25.42,17.57,1.07,0.26,0.17
